
m 121.264,456.24933
c 1.5202,-1.5884 2.4202,-3.2318 2,-3.652 -0.4202,-0.4202 -0.314,-0.63516 0.236,-0.47768 0.55,0.15747 2.68295,-0.34379 4.73989,-1.1139 2.51188,-0.94045 3.33276,-1.66381 2.5,-2.20298 -0.84157,-0.54488 -0.90222,-1.04371 -0.18879,-1.55277 1.10913,-0.79141 0.19559,-23.23281 -1.02623,-25.20977 -0.35104,-0.56799 -0.82278,-2.0469 -1.0483,-3.28647 -1.25331,-6.88878 -4.14351,-16.64055 -5.70637,-19.25376 -1.7485,-2.92363 -1.80956,-2.94272 -2.39882,-0.75 -0.4122,1.53388 -1.3623,2.25 -2.98513,2.25

C 114.54312,401 107,394.5007 107,392.051
c 0,-0.94395 -1.79946,-3.16236 -3.9988,-4.92979 -7.128748,-5.72882 -14.92176,-20.59193 -16.450916,-31.37578 -0.434053,-3.06101 -1.822961,-6.26679 -3.899269,-9

C 80.877228,344.41044 77.914378,339.35 76.066904,335.5 72.612873,328.30206 69.374263,323.44473 65.000818,318.90289 62.42125,316.224 53.39445,298.82818 48.186753,286.5
c -2.551495,-6.04015 -3.053214,-8.78257 -3.658957,-20 -0.51772,-9.58739 -1.072898,-13.20993 -2.114899,-13.79969

C 41.635804,252.26048 41,251.44642 41,250.89129
c 0,-0.55513 0.521025,-0.68731 1.157834,-0.29374 0.852452,0.52684 0.97989,-0.71041 0.48317,-4.69099

C 42.269939,242.93295 41.470735,235.55 40.864994,229.5
c -0.60574,-6.05 -1.775106,-12.31559 -2.598589,-13.92354 -0.823484,-1.60794 -1.889318,-6.10794 -2.36852,-10 -0.479202,-3.89205 -1.400178,-8.08312 -2.046615,-9.31348 -1.415025,-2.69322 0.164997,-10.94646 3.592033,-18.76298 1.205696,-2.75 3.233043,-8.825 4.505214,-13.5 3.074922,-11.29979 6.805985,-21.04034 9.001537,-23.5 0.981889,-1.1 2.614646,-3.35 3.628351,-5
l 1.843099,-3 -2.343095,2 -2.343094,2 2.269,-4.5
c 1.247949,-2.475 3.332503,-5.77203 4.632342,-7.32673

C 59.936496,123.11858 61,121.20608 61,120.42327 61,119.64047 61.660877,119 62.468615,119
c 1.881414,0 1.003741,2.64224 -1.993021,6 -1.227172,1.375 -2.785576,3.625 -3.463122,5 -0.949271,1.92644 -0.527778,1.69701 1.837173,-1 1.687991,-1.925 3.087362,-3.0275 3.109714,-2.45 0.02235,0.5775 -0.521859,1.69576 -1.209359,2.48502 -0.6875,0.78926 0.02882,0.31676 1.591822,-1.05 1.563003,-1.36676 3.275432,-3.28952 3.805399,-4.27279

C 67.345244,121.48947 66.333879,118 64.491629,118
c -2.623812,0 -2.446047,-1.78098 0.51215,-5.13108 1.63615,-1.8529 2.757818,-3.95993 2.492596,-4.68227 -0.265222,-0.72234 0.189594,-2.61249 1.010702,-4.20034

C 69.328185,102.39847 70,100.20353 70,99.108677
c 0,-1.094854 0.49821,-2.298554 1.107134,-2.674889 0.745592,-0.460801 0.886108,0.01214 0.430298,1.448275 -0.594918,1.87442 -0.291009,1.780122 2.511,-0.779117

C 75.975187,95.343127 76.9422,93.715494 76.492905,92.98852 75.962441,92.130212 76.35821,91.978916 77.874771,92.460254 79.183136,92.875513 80,92.701825 80,92.008371 80,91.388848 80.45,91.160081 81,91.5
c 0.55,0.339919 1,-0.110081 1,-1 0,-0.889919 0.411898,-1.363467 0.915328,-1.05233 0.910106,0.562476 6.521456,-3.566075 8.752911,-6.439956 0.642531,-0.827513 1.467531,-1.205277 1.833333,-0.839475 0.365802,0.365802 -0.234905,1.565094 -1.334905,2.665094 -2.150988,2.150988 -1.733228,3.88176 0.491324,2.035546 0.994011,-0.824956 1.73584,-0.786918 2.860767,0.146688 1.238152,1.027575 1.85317,0.957818 3.32874,-0.377555 2.822992,-2.554776 3.063752,-1.965797 0.946076,2.314415 -1.21222,2.450114 -3.540151,4.881171 -6.12454,6.395852

C 88.831287,98.183628 82,104.38005 82,105.93285 82,106.51978 81.1551,107 80.122445,107 79.089789,107 77.684689,107.675 77,108.5
c -1.668108,2.00995 -3.093871,1.9082 -2.298676,-0.16404 0.428595,-1.11691 0.254868,-1.42692 -0.528362,-0.94286 -0.876982,0.54201 -0.902655,0.0237 -0.103327,-2.08595

C 75.305082,102.04641 78.847198,98 80.466106,98
c 0.614613,0 3.123672,-2.082325 5.575686,-4.627388 3.19046,-3.311532 3.67621,-4.131916 1.708208,-2.88499

C 86.2375,91.445941 85,92.628265 85,93.11501 85,93.601754 83.875,94 82.5,94 81.125,94 80,94.401099 80,94.891332
c 0,0.490232 -2.25,3.153193 -5,5.917688 -2.75,2.7645 -5,5.71268 -5,6.55151 0,0.83883 -0.942035,3.23837 -2.093412,5.33231 -1.151376,2.09394 -1.391724,2.90716 -0.534106,1.80716 3.625024,-4.64954 3.827303,-4.79231 4.742843,-3.34764 0.469727,0.7412 0.874624,0.89764 0.899771,0.34764 0.02515,-0.55 0.504398,-0.2125 1.065003,0.75 0.560605,0.9625 1.473478,1.75 2.028608,1.75 0.55513,0 0.772938,-0.38249 0.484018,-0.84997 -0.288921,-0.46748 1.707197,-0.63545 4.435816,-0.37327 4.748222,0.45625 8.597569,-0.95468 7.490711,-2.74561 -0.2523,-0.40823 0.65524,-0.52929 2.016757,-0.26902 1.361516,0.26027 3.107835,-0.0516 3.88071,-0.69301 0.920443,-0.7639 1.620645,-0.81768 2.029655,-0.15589 0.416282,0.67356 1.492208,0.68042 3.227716,0.0206 1.43181,-0.54437 2.80492,-0.78813 3.05136,-0.54169 0.76451,0.76451 -4.581067,3.81515 -5.591232,3.19083 -0.524554,-0.32419 -1.732477,-0.29061 -2.684275,0.0746 -1.630797,0.6258 -1.628037,0.73903 0.0479,1.9645 2.782648,2.03472 7.716467,-1.28599 10.230717,-6.88579 1.22287,-2.72362 2.86764,-3.28832 8.27144,-2.83987 1.375,0.11411 2.95,0.77927 3.5,1.47812 0.55,0.69885 1.9,1.78679 3,2.41764 1.74638,1.00155 1.77808,1.15086 0.25,1.17741 -0.9625,0.0167 -1.75,0.70541 -1.75,1.53041 0,0.825 -0.45857,1.5 -1.01905,1.5 -0.586,0 -0.75402,-1.056 -0.39537,-2.48497 0.51427,-2.04901 0.15532,-2.66304 -2.04604,-3.5 -3.87255,-1.47234 -5.53747,-1.25205 -5.55485,0.73497 -0.0117,1.34018 -0.21332,1.43764 -0.86084,0.41615 -0.68174,-1.07547 -0.96236,-1.02937 -1.4487,0.23801 -0.33174,0.86452 -0.28187,1.50458 0.11084,1.42236 0.3927,-0.0822 1.9808,0.37318 3.52911,1.012 1.5483,0.63881 3.3483,1.21472 4,1.27979 0.65169,0.0651 -0.1651,0.43345 -1.8151,0.8186 -1.65,0.38516 -3.5625,0.27681 -4.25,-0.24076 -0.8165,-0.61468 -1.25,-0.55177 -1.25,0.18141 0,0.61734 -0.675,1.12244 -1.5,1.12244 -0.825,0 -1.50689,-0.5625 -1.51531,-1.25 -0.0106,-0.86153 -0.29965,-0.80058 -0.93023,0.19612 -0.55091,0.87077 -0.55258,2.12313 -0.004,3.14778 0.6928,1.2945 0.31719,2.09055 -1.56977,3.32693 -2.596189,1.70109 -3.380166,0.88551 -1.23048,-1.28008 1.00225,-1.00966 0.90315,-1.12719 -0.499998,-0.59301 -0.9625,0.36643 -1.756891,1.18059 -1.765313,1.80925 -0.0084,0.62865 -0.439683,0.47177 -0.958359,-0.34863 -0.751051,-1.18796 -1.195833,-1.23886 -2.184687,-0.25 -1.699871,1.69987 -5.330513,1.55731 -9.027478,-0.35446 -2.52902,-1.30781 -3.501294,-1.37412 -5.382879,-0.36712 -1.313202,0.7028 -3.074487,0.89908 -4.113823,0.45845

C 74.711679,116.81445 74.791174,116.64575 77,116.04681
l 2.5,-0.6779 -2.726498,-0.54129

C 73.566125,114.19086 73,114.59144 73,117.49769
c 0,1.28519 -1.015506,2.70783 -2.5,3.50231 -1.375,0.73588 -2.5,1.97995 -2.5,2.76461 0,0.78466 -0.930642,2.73362 -2.068094,4.33102

C 64.794454,129.69303 64.358577,131 64.963291,131
c 0.604713,0 1.3585,-0.675 1.675083,-1.5 0.316582,-0.825 1.047203,-1.5 1.623602,-1.5 0.5764,0 0.219148,0.91587 -0.793892,2.03527 -1.013041,1.11939 -2.390505,1.82474 -3.061032,1.56744 -1.626429,-0.62412 -3.973732,2.20655 -4.839039,5.83552 -0.385332,1.61603 -1.25407,3.41603 -1.930528,4 -0.676457,0.58398 -1.791071,2.7225 -2.476919,4.75228 -0.685847,2.02977 -2.577549,5.11486 -4.203781,6.85575

C 48.341816,155.84559 48,155.9749 48,154.16477
c 0,-1.1257 0.45,-2.32485 1,-2.66477 0.55,-0.33992 1,-1.09658 1,-1.68146 0,-0.67059 -0.554114,-0.60356 -1.5,0.18146 -0.825,0.68469 -1.5,2.31479 -1.5,3.62244

C 47,154.9301 46.646429,156 46.214286,156
c -0.970281,0 -1.218574,3.40582 -0.572446,7.85218 0.5977,4.11311 1.377234,3.51209 2.350911,-1.81254 0.500459,-2.7368 0.378863,-4.06008 -0.377025,-4.10303 -0.613649,-0.0349 -0.103226,-0.47036 1.134274,-0.96777 1.2375,-0.49742 2.25,-1.63139 2.25,-2.51995 0,-0.88856 0.5625,-1.41905 1.25,-1.17887 0.6875,0.24017 1.796554,-0.50983 2.464565,-1.66667 0.986986,-1.70924 1.221204,-1.7865 1.25,-0.41237 0.01949,0.93004 -0.445243,1.98806 -1.032739,2.35115 -0.587495,0.3631 -0.826618,1.28965 -0.531384,2.05902 0.295233,0.76937 0.07435,1.39885 -0.490844,1.39885 -0.565197,0 -0.749517,0.45 -0.409598,1 0.339919,0.55 -0.308524,1 -1.440983,1 -1.132459,0 -2.086128,0.3375 -2.119263,0.75 -0.587223,7.31034 -1.358127,11.23738 -3.047169,15.52251 -1.410967,3.57966 -1.687744,5.29577 -0.896637,5.55947 0.666859,0.22229 0.280562,0.98647 -0.9258,1.83144

C 43.931567,183.46091 43,184.89789 43,185.8567
c 0,0.95882 -0.411896,2.1708 -0.915324,2.6933 -0.503428,0.5225 -1.076612,2.075 -1.273741,3.45 -0.197129,1.375 -0.910234,2.3875 -1.584676,2.25 -1.10351,-0.22497 -1.978539,7.12004 -1.221106,10.25 0.133097,0.55 0.40015,2.125 0.593451,3.5 0.55832,3.97147 4.300775,12.83126 4.354622,10.30902 0.02573,-1.20504 0.509227,-2.4768 1.074447,-2.82612 0.665192,-0.41111 0.822908,0.53805 0.447143,2.69098 -0.319291,1.82937 -1.006744,3.47612 -1.527673,3.65945

C 42.426215,222.01667 42,223.55417 42,225.25
c 0,1.69583 0.296096,2.78724 0.657991,2.42534 0.361895,-0.36189 1.261895,-0.15679 2,0.45578 0.955466,0.79297 1.342009,0.79951 1.342009,0.0227 0,-0.60008 0.610686,-0.85672 1.35708,-0.5703 1.634818,0.62734 4.038163,-4.58103 3.347478,-7.25443 -0.349671,-1.35346 -0.510628,-1.179 -0.618965,0.6709 -0.138157,2.35907 -0.210356,2.38976 -1.280778,0.54435 -1.125793,-1.94086 -1.140262,-1.94086 -1.913959,0 -0.478743,1.20096 -0.646979,0.0261 -0.435953,-3.04435 0.430789,-6.26808 0.496912,-6.43926 1.545097,-4 0.793969,1.84766 0.864783,1.81339 0.929715,-0.45 0.07742,-2.69883 1.510355,-1.84732 2.440088,1.45 0.310164,1.1 0.343229,0.0544 0.07348,-2.32359 -0.358266,-3.1583 -0.172932,-4.12736 0.687641,-3.5955 0.714686,0.44171 0.912369,0.29815 0.502557,-0.36493 -0.371545,-0.60118 -1.566074,-0.92154 -2.654508,-0.71193 -2.853264,0.54949 -2.588621,-3.1426 0.557079,-7.77192 2.713484,-3.99325 3.436008,-4.36007 5.170851,-2.62523 0.809203,0.8092 1.56609,0.40609 2.81425,-1.49884 1.256973,-1.91838 2.34205,-2.49065 4.113471,-2.16943 1.323368,0.23998 2.164616,0.0456 1.869439,-0.43206 -0.295177,-0.4776 -0.06104,-1.16234 0.520303,-1.52163 1.204102,-0.74417 0.258137,-4.63143 -1.382753,-5.68215 -1.576788,-1.00968 -2.662721,1.28925 -1.571837,3.32759 0.511624,0.95597 0.901701,2.33022 0.866839,3.05388 -0.03486,0.72366 -0.493328,0.24116 -1.018812,-1.07222 -0.920509,-2.3007 -1.026896,-2.32329 -2.911084,-0.61812 -1.075613,0.97342 -2.236849,2.6558 -2.580526,3.73863 -0.450066,1.41803 -0.929059,1.66458 -1.712285,0.88136 -0.783226,-0.78323 -0.527343,-1.72054 0.914719,-3.35067 3.037228,-3.43332 5.82744,-8.16467 4.225101,-7.16448

C 57.59698,187.00743 56,186.90538 56,185.3525
c 0,-0.85485 0.482199,-1.17252 1.151704,-0.75874 0.633437,0.39148 1.758437,-0.11797 2.5,-1.13211

C 60.535156,182.25345 61,182.08183 61,182.96386
c 0,1.01556 0.449075,0.93971 1.828741,-0.30887 2.372402,-2.147 4.150857,-2.10724 4.250206,0.095 0.04342,0.9625 0.296775,1.21494 0.563008,0.56098 0.266233,-0.65396 -0.271048,-2.34146 -1.193958,-3.75

C 65.434495,178.01418 65.211537,177 65.88499,177 66.498246,177 67,177.675 67,178.5
c 0,1.81425 1.665399,1.99896 2.254045,0.25 0.334616,-0.99419 0.727687,-0.99675 1.920751,-0.0125 1.228981,1.0139 1.89247,0.81979 3.671767,-1.07418 1.194451,-1.27144 1.867614,-2.61582 1.495917,-2.98752

C 75.970783,174.30412 76.191667,174 76.833333,174
c 1.672944,0 1.438534,3.04211 -0.390109,5.06274 -1.427009,1.57682 -1.313482,1.89346 1.361942,3.79853 2.326683,1.65674 3.539978,1.90013 5.981504,1.19991 1.684531,-0.48311 3.393803,-0.58202 3.798382,-0.21979 0.404579,0.36224 0.411895,0.0961 0.01626,-0.59139 -0.395638,-0.6875 -1.803661,-1.25 -3.12894,-1.25 -1.739059,0 -2.248209,-0.42057 -1.829643,-1.51134 0.416202,-1.0846 0.121782,-1.33552 -1.042725,-0.88866 -1.241439,0.47639 -1.462618,0.20556 -0.941402,-1.1527 0.447817,-1.167 0.30308,-1.54165 -0.422364,-1.0933 -1.289779,0.79713 -1.09411,-3.13774 0.268343,-5.3963 0.739312,-1.22557 0.624086,-1.25092 -0.723591,-0.15914 -1.024224,0.82974 -1.827149,0.93576 -2.223983,0.29367 -0.341579,-0.55268 -1.279057,-0.75238 -2.083284,-0.44377 -0.804228,0.30861 -1.153435,1.07646 -0.776017,1.70632 0.377418,0.62987 -0.07517,0.52762 -1.005744,-0.22722 -2.356463,-1.91147 -2.110404,-3.01972 0.558042,-2.51341 2.096733,0.39782 2.113763,0.36217 0.25,-0.52334 -1.1,-0.52263 -1.531255,-0.98187 -0.958345,-1.02052 1.152045,-0.0777 4.671396,-7.19057 3.926418,-7.93555

C 77.210633,160.8773 77,161.21822 77,161.89235
c 0,0.67413 -0.382179,0.98948 -0.849286,0.7008 -0.818328,-0.50576 -2.335177,1.93635 -3.552974,5.72023 -0.320988,0.99736 -1.065149,1.51578 -1.65369,1.15204 -0.588542,-0.36374 -1.903668,0.0931 -2.922501,1.01508 -1.733538,1.56883 -2.018301,1.56773 -4.436987,-0.0171

C 60.255771,168.28234 60.217744,164.74257 63.5,162.59196 65.968638,160.97444 66.940264,158 65,158
c -0.55,0 -1,0.47656 -1,1.05902 0,0.58246 -0.422343,0.79799 -0.93854,0.47896 -0.516196,-0.31902 -1.402512,0.21692 -1.969591,1.19099 -0.567078,0.97407 -1.044736,1.23509 -1.06146,0.58005

C 60.013684,160.65398 60.45,159.83992 61,159.5
c 0.55,-0.33992 1,-1.46492 1,-2.5 0,-1.03508 0.408034,-2.13414 0.906741,-2.44236 0.498708,-0.30822 0.662488,0.45272 0.363956,1.69098 -0.427985,1.77521 -0.276737,2.00353 0.715114,1.07952 0.691845,-0.64452 1.765564,-0.99411 2.386044,-0.77688 0.62048,0.21723 2.00719,-0.83043 3.081577,-2.32815 1.493845,-2.08244 1.558527,-2.40508 0.274926,-1.37135 -1.466835,1.18129 -1.828,1.02366 -2.863948,-1.25

C 66.212418,150.17079 65.312449,149 64.864478,149
c -0.801864,0 -4.003295,6.4545 -5.278445,10.64203 -0.358749,1.17812 -1.516575,2.36805 -2.572946,2.6443 -1.841912,0.48167 -1.851514,0.39383 -0.234143,-2.14203 1.595055,-2.50087 1.592549,-2.56986 -0.04621,-1.27186 -0.953006,0.75485 -1.718426,0.97985 -1.700935,0.5 0.05194,-1.42478 2.339414,-3.94806 4.218197,-4.65303 0.9625,-0.36115 1.75,-1.30896 1.75,-2.10624 0,-0.79728 0.301472,-2.23522 0.669939,-3.19543 0.492733,-1.28404 0.319609,-1.52931 -0.654509,-0.92728 -0.906991,0.56055 -1.086589,0.43369 -0.569803,-0.40248 0.415054,-0.67157 1.003933,-0.97175 1.308619,-0.66707 0.304687,0.30469 1.888841,-1.26116 3.520343,-3.47965 1.631502,-2.2185 3.219652,-3.78035 3.529222,-3.47078 0.309571,0.30957 0.03036,1.09535 -0.620478,1.74619 -1.816821,1.81682 -1.403763,3.20887 0.491313,1.65577 1.353033,-1.10886 1.305021,-0.7963 -0.25,1.62756

L 66.5,148.5 69,146.89201
c 1.375,-0.88439 3.010383,-2.60977 3.634184,-3.83418 0.623801,-1.22441 1.636301,-2.72832 2.25,-3.34201 2.195553,-2.19556 1.17603,2.59118 -1.058498,4.96973 -2.479785,2.63961 -1.357166,3.07544 1.951808,0.75775 2.33417,-1.63492 3.067928,-0.68872 1.039173,1.34003 -0.650834,0.65084 -0.905773,1.4609 -0.566531,1.80014

C 77.287504,149.62084 79,147.99476 79,145.97237
c 0,-1.35928 0.504322,-1.75279 1.75,-1.36548 1.495031,0.46484 1.477551,0.3704 -0.119977,-0.64822 -1.513165,-0.96482 -1.608571,-1.35793 -0.5,-2.06019 1.077349,-0.68248 0.996176,-0.87113 -0.380023,-0.88317 -0.9625,-0.008 -1.75,-0.40627 -1.75,-0.88412 0,-0.47785 1.8,-0.66089 4,-0.40677 2.619683,0.3026 4,0.0644 4,-0.6902 0,-0.63374 0.45,-0.87414 1,-0.53422 0.55,0.33992 1,-0.30852 1,-1.44098 0,-3.19158 1.676293,-2.42755 2.378632,1.08414 0.38315,1.91575 0.139086,3.77064 -0.625,4.75 -1.111932,1.42522 -1.055827,1.45171 0.496368,0.2344 0.9625,-0.75485 1.75,-1.00235 1.75,-0.55 0,0.45234 0.520928,0.30151 1.157618,-0.33518

C 94.034443,141.36556 93.996211,140.70036 93,139.5
c -1.08121,-1.30278 -1.083152,-1.79964 -0.01091,-2.79238 1.031469,-0.955 1.142841,-0.92372 0.532389,0.14951 -0.585958,1.03017 -0.25992,1.19463 1.353296,0.68262

C 96.058933,137.16391 97,137.30097 97,137.84928
c 0,0.54123 -0.550894,1.16768 -1.22421,1.39212 -0.673315,0.22444 -0.253468,0.66193 0.932993,0.97219 1.936879,0.50651 2.061912,0.31349 1.22421,-1.88983

C 96.624025,134.88091 96.761343,134 98.606989,134
c 1.066903,0 1.399191,-0.54152 0.988696,-1.61125 -0.495092,-1.29018 -0.140633,-1.49136 1.778885,-1.00959 1.88818,0.47391 2.51739,0.14197 2.96333,-1.56328 0.31138,-1.19071 0.25023,-2.72943 -0.13588,-3.41937

C 103.55144,125.23398 103.07275,125 101.34501,125
c -0.36024,0 0.1595,-0.9 1.15499,-2 0.99549,-1.1 2.40666,-2 3.13594,-2 1.46489,0 2.90187,-4.32078 1.94948,-5.86179 -0.91441,-1.47954 5.25501,-2.51553 6.89162,-1.15727 1.00921,0.83757 1.94784,0.86204 3.3933,0.0884 2.55292,-1.36628 4.10309,-1.36652 2.12966,-3.2e-4 -1.23292,0.85354 -1.14389,0.97378 0.5,0.6753 1.1,-0.19973 1.8875,-0.89892 1.75,-1.55376

C 122.1125,112.53577 122.45,112 123,112
c 0.55,0 1,-0.675 1,-1.5 0,-0.825 -0.49814,-1.5 -1.10699,-1.5 -0.60884,0 -0.839,-0.69837 -0.51145,-1.55194 0.34149,-0.88992 0.17385,-1.29132 -0.39301,-0.94098

C 121.44485,106.8431 121,106.61492 121,106
c 0,-0.61492 -0.43561,-0.84881 -0.96802,-0.51976 -0.53242,0.32905 -2.37465,-0.74597 -4.09385,-2.38893 -1.71921,-1.64297 -3.64609,-3.179381 -4.28198,-3.414259 -0.84397,-0.311741 -0.80739,-0.796064 0.13549,-1.793692 1.09027,-1.153577 1.43867,-1.134089 2.23469,0.125 0.80518,1.273572 0.94528,1.27966 0.95836,0.04164 0.0119,-1.127778 0.28198,-1.183333 1.21531,-0.25 0.66,0.66 2.48656,1.2 4.05902,1.2 1.65136,0 2.59796,0.4224 2.24098,1

C 122.16008,100.55 120.79765,101 119.47237,101
c -1.78772,0 -2.25274,0.40877 -1.80182,1.58385 0.48935,1.27522 0.77253,1.32393 1.4533,0.25 0.63309,-0.99872 0.84937,-1.01979 0.86084,-0.0838 0.008,0.6875 1.16687,1.25 2.57433,1.25 1.45136,0 2.2915,0.43284 1.94098,1 -0.33992,0.55 -0.11492,1 0.5,1 0.61492,0 0.87172,0.39854 0.57067,0.88565 -0.81259,1.31481 4.61949,2.08294 6.73261,0.95204 1.24161,-0.66449 2.2694,-0.6073 3.21684,0.17901 0.76575,0.63551 1.93151,0.82221 2.59058,0.41488 0.79177,-0.48934 0.93554,-0.31541 0.42376,0.51266 -0.42601,0.68929 -2.18303,1.84627 -3.90451,2.57105
l -3.12995,1.31779 4.10995,-0.20977
c 4.06003,-0.20721 9.86151,-3.0485 9.01935,-4.41724 -0.23894,-0.38834 0.85707,-0.7993 2.43557,-0.91326 1.57851,-0.11395 3.13622,0.22355 3.46159,0.75 0.32537,0.52646 -0.16508,0.95719 -1.08989,0.95719 -1.38125,0 -1.45919,0.26781 -0.43657,1.5 1.42979,1.7228 -0.0394,2.06065 -1.70736,0.39264 -0.80981,-0.80981 -1.4104,-0.54111 -2.23518,1 -0.62031,1.15905 -1.81914,2.10736 -2.66407,2.10736 -0.84494,0 -2.21125,0.675 -3.03625,1.5 -0.825,0.825 -2.40085,1.5 -3.50189,1.5 -1.3857,0 -1.8841,0.53866 -1.61918,1.75 0.21049,0.9625 0.93101,1.63333 1.60115,1.49072 1.71151,-0.36419 2.60986,2.51566 1.28333,4.11402 -0.60676,0.73111 -0.84237,1.59011 -0.52357,1.90891 0.3188,0.31879 -0.59605,0.45057 -2.033,0.29283 -1.43694,-0.15774 -2.82713,0.0603 -3.0893,0.48448 -0.26217,0.42421 -1.44659,0.51764 -2.63205,0.20764 -1.45675,-0.38095 -1.92763,-0.19516 -1.45276,0.57321 0.38644,0.62527 0.21598,2.04616 -0.37881,3.15752 -0.72952,1.36312 -0.74457,2.02067 -0.0462,2.02067 1.83355,0 1.10572,5.62619 -0.97095,7.50555 -2.21665,2.00604 -3.94322,1.34328 -2.14505,-0.82339 1.59022,-1.9161 0.28931,-2.82645 -2.1633,-1.51386 -1.69597,0.90766 -2.36641,0.70906 -3.86852,-1.14596 -0.99935,-1.23415 -1.817,-1.74406 -1.817,-1.13312 0,0.61093 -0.45,1.11078 -1,1.11078 -0.55,0 -1,-0.675 -1,-1.5 0,-0.825 0.375,-1.5 0.83333,-1.5 0.45834,0 0.83334,-0.675 0.83334,-1.5 0,-0.825 -0.40156,-1.5 -0.89235,-1.5 -0.4908,0 -0.61424,-0.45 -0.27432,-1 0.33992,-0.55 -0.0694,-1 -0.9096,-1 -0.94705,0 -1.30887,0.57008 -0.95203,1.5 0.31659,0.825 0.0663,1.5 -0.55613,1.5 -1.87411,0 -3.40806,-5.22188 -2.13635,-7.27257 0.99156,-1.59893 0.89515,-1.64791 -0.98423,-0.5 -1.78719,1.09161 -2.28811,0.99653 -3.52256,-0.66856 -1.45722,-1.96557 -1.92409,-0.9863 -0.85634,1.7962 0.33385,0.87001 1.23737,1.26745 2.1154,0.93052 1.19204,-0.45743 1.3809,-0.11006 0.84985,1.56314 -0.4382,1.38066 -0.25566,2.15127 0.5096,2.15127 0.78518,0 0.99229,1.0005 0.60645,2.92969 -0.32226,1.61133 -0.26601,3.11257 0.125,3.3361 0.39102,0.22353 0.1068,0.25332 -0.6316,0.0662 -0.7384,-0.18713 -1.58833,0.59966 -1.88874,1.74843 -0.41513,1.58745 -0.74919,1.76842 -1.39214,0.75412 -0.57666,-0.90971 -0.85083,-0.9554 -0.86127,-0.14355 -0.025,1.94651 1.66647,2.39738 2.99383,0.79801 1.84133,-2.21867 3.9462,-1.85338 3.47319,0.60274 -0.31896,1.65625 -0.0468,1.9391 1.30742,1.35858 3.41098,-1.46225 7.21025,-1.70221 7.21025,-0.4554 0,0.78839 -0.84636,1.00948 -2.38558,0.62316 -3.12527,-0.78439 -5.44261,1.6791 -3.63186,3.86092 0.91725,1.10522 1.71157,1.21989 3.14311,0.45375 1.05362,-0.56387 2.36751,-0.74597 2.91977,-0.40465 0.55226,0.34131 0.88046,0.0246 0.72934,-0.70376 -0.39225,-1.89048 3.3066,-1.64242 4.53444,0.3041 0.77309,1.22561 0.50466,2.29272 -1.08514,4.31383 -1.16178,1.47696 -1.87482,3.30433 -1.58452,4.06082 0.29029,0.7565 0.0187,2.19028 -0.60363,3.18618 -0.97849,1.56597 -1.04853,1.4728 -0.51817,-0.68926 0.4865,-1.98328 0.38503,-2.18997 -0.49093,-1 -4.19264,5.69556 -5.27905,10.48719 -2.75168,12.1364 0.53639,0.35002 1.02342,2.47289 1.08227,4.71749 0.0979,3.73388 0.20723,3.89383 1.28498,1.88003 0.80673,-1.50738 0.866,-2.78396 0.18808,-4.05067 -1.52231,-2.84447 1.67254,-6.01132 4.54539,-4.50556 2.05322,1.07616 2.06571,1.04742 0.37413,-0.86092 -2.33148,-2.63024 -2.21006,-5.00018 0.32569,-6.35728 1.93719,-1.03675 1.99444,-0.95905 0.85794,1.16451 -1.04913,1.96033 -0.93532,2.46292 0.82191,3.62968 1.68766,1.12056 1.94384,2.06875 1.48439,5.49418 -0.33894,2.52699 -1.46785,4.98563 -2.8976,6.31069 -2.30623,2.13734 -3.23673,4.11225 -1.40379,2.97943 0.5162,-0.31902 1.36385,0.17995 1.88368,1.10883 0.78867,1.40927 1.06033,1.16443 1.64092,-1.47897 0.38267,-1.74231 1.15816,-3.16784 1.7233,-3.16784 0.56515,0 0.76852,0.675 0.45193,1.5 -0.81076,2.11282 -0.15079,1.8794 3.03557,-1.07362
l 2.77698,-2.57362 0.83931,2.51792
c 0.68895,2.06685 1.36512,2.45136 3.77454,2.14643 2.04939,-0.25936 2.93523,0.0592 2.93523,1.05571 0,0.78495 0.7875,1.39165 1.75,1.34823 0.9625,-0.0434 1.29684,-0.26947 0.74298,-0.50234 -0.55386,-0.23286 -0.92822,-2.55984 -0.83191,-5.17105
l 0.17511,-4.74766 -0.69007,4 -0.69006,4 -0.72308,-4.85349
c -0.83658,-5.61535 -0.31737,-6.96677 2.35119,-6.1198 1.11377,0.3535 1.91584,0.1365 1.91584,-0.51834 0,-0.61952 -0.45,-0.84829 -1,-0.50837 -0.55,0.33992 -1,0.1556 -1,-0.4096 0,-0.5652 -0.56726,-0.80995 -1.26057,-0.5439 -0.85661,0.32871 -1.25718,-0.5626 -1.25,-2.78139 0.006,-1.79581 0.30971,-3.49296 0.67533,-3.77144 0.36561,-0.27849 0.14061,-1.19683 -0.5,-2.04075 -1.0369,-1.36599 -1.35686,-1.33785 -2.91476,0.25633

C 138.7875,156.19416 138.45,157 139,157
c 0.55,0 1,0.64286 1,1.42857 0,1.63644 -2.82691,4.76491 -3.83062,4.23925 -0.36816,-0.19281 -1.42677,0.44794 -2.35247,1.4239 -1.39743,1.4733 -1.45414,1.96447 -0.3341,2.89402 1.03751,0.86105 1.48343,0.696 1.93121,-0.71483 0.61711,-1.94437 5.58598,-3.01241 5.58598,-1.20069 0,0.5763 -0.40285,0.79884 -0.89522,0.49454 -1.15916,-0.7164 -2.13684,1.87586 -1.98647,5.26703 0.11774,2.65513 0.12206,2.65351 0.88169,-0.33179
l 0.76337,-3 0.11832,3.25
c 0.0828,2.27481 -0.33178,3.25 -1.38169,3.25 -0.82792,0 -1.5,-0.88651 -1.5,-1.97856 0,-1.74755 -0.29189,-1.84557 -2.5,-0.83949 -1.375,0.6265 -2.5,1.57195 -2.5,2.10101 0,0.52906 -0.72167,0.363 -1.6037,-0.36903 -1.14292,-0.94853 -1.46115,-2.39378 -1.10756,-5.03 0.27288,-2.03447 0.0664,-4.12877 -0.4588,-4.65399 -0.60659,-0.60659 0.25342,-1.2227 2.35756,-1.68896
l 3.3125,-0.73401 -3.29572,-1.42501
c -1.81264,-0.78375 -3.03174,-1.85213 -2.7091,-2.37417 0.32264,-0.52203 -0.57765,-1.24137 -2.00063,-1.59851 -2.51945,-0.63235 -2.54018,-0.70314 -0.7909,-2.70122 0.98799,-1.12851 1.23385,-1.72294 0.54635,-1.32094 -1.61089,0.94194 -1.61089,-0.55695 0,-2.55625 1.67881,-2.0836 4.53416,-2.98912 5.33575,-1.69213 0.35739,0.57827 -0.33603,2.47111 -1.54093,4.20633
l -2.19073,3.15493 2.55505,-2.78494
c 2.49932,-2.72421 2.62335,-2.74962 5.68785,-1.1649 2.25234,1.16472 3.43778,1.31507 4.21791,0.53494 1.52706,-1.52706 2.6851,-1.34812 2.6851,0.4149 0,0.825 0.50625,1.3875 1.125,1.25 0.61875,-0.1375 1.35213,0.37514 1.62973,1.1392 0.2776,0.76405 0.10885,1.14452 -0.375,0.84549 -0.48385,-0.29904 -0.82348,0.76332 -0.75473,2.3608 0.21084,4.89914 0.26835,4.98806 2.375,3.67244 2.36742,-1.47848 2.60035,-2.76793 0.5,-2.76793 -0.825,0 -1.5,-0.47656 -1.5,-1.05902 0,-0.58246 0.44539,-0.78375 0.98975,-0.44732 0.54819,0.3388 1.54638,-1.46948 2.23743,-4.05324 1.08332,-4.05044 1.335,-4.35377 1.91057,-2.30268 0.6607,2.35444 0.66322,2.35371 0.76257,-0.22107 0.0631,-1.63601 0.67416,-2.58334 1.66626,-2.58334 1.0717,0 1.41761,0.65812 1.095,2.08334 -0.25936,1.14583 -0.0574,2.98333 0.4488,4.08333 0.72087,1.5665 0.79502,1.36609 0.34211,-0.92463 -0.49894,-2.5235 -0.37133,-2.7529 0.93043,-1.67254 1.16622,0.96788 1.2814,1.84987 0.50742,3.8856 -0.55069,1.44843 -0.74273,3.66357 -0.42675,4.92254 0.54157,2.15778 -0.60153,2.89883 -3.71359,2.40745 -0.4125,-0.0651 -0.75,0.35814 -0.75,0.9406 0,0.58246 -0.45,0.7809 -1,0.44098 -0.55,-0.33992 -1,0.11008 -1,1 0,0.88992 0.45,1.33992 1,1 0.55,-0.33992 1,-0.0786 1,0.58074 0,0.65933 0.7875,1.78475 1.75,2.50094 1.61678,1.20303 1.584,1.29078 -0.43072,1.15265 -1.1994,-0.0822 -1.97956,-0.47499 -1.73369,-0.87282 0.24587,-0.39782 0.0238,-0.98492 -0.4936,-1.30465 -0.51734,-0.31974 -1.14748,0.21166 -1.40031,1.1809 -0.3263,1.25094 -0.49333,1.06106 -0.57568,-0.65443 -0.11651,-2.42722 -1.33526,-2.19707 -1.70498,0.32197 -0.10877,0.74108 -0.51895,2.3594 -0.91152,3.59628 -0.45378,1.42973 -0.34337,2.01996 0.30312,1.62041 1.78262,-1.10172 4.00219,0.40843 3.48834,2.3734 -0.28582,1.09296 -1.06634,1.6443 -1.88375,1.33063 -0.76765,-0.29457 -1.10116,-1.05094 -0.74114,-1.6808 0.36002,-0.62987 0.30522,-0.8305 -0.12178,-0.44585 -0.427,0.38466 -0.95564,3.30966 -1.17476,6.5 -0.26692,3.88641 -0.0854,5.32138 0.55006,4.34838 0.52164,-0.79874 0.71969,-1.82239 0.4401,-2.27478 -0.27959,-0.45239 0.0876,-0.69887 0.81598,-0.54775 0.85477,0.17735 1.23296,-0.56197 1.06664,-2.08516 -0.18852,-1.7265 0.1384,-2.20795 1.21798,-1.79367 0.81161,0.31144 1.74163,0.13592 2.0667,-0.39006 0.32508,-0.52598 1.57699,-0.92781 2.78203,-0.89294 2.13333,0.0617 2.13744,0.0851 0.15626,0.88813

C 153.33269,179.81595 150.21407,183 151.5,183
c 0.40969,0 0.18469,0.675 -0.5,1.5 -0.68469,0.825 -0.85229,1.48569 -0.37244,1.4682

C 152.0778,185.91533 155,183.3567 155,182.13976 155,181.51289 155.40787,181 155.90638,181
c 0.49851,0 0.65262,0.97037 0.34248,2.15637 -0.32579,1.24583 -0.16054,1.90708 0.39136,1.56598 0.5254,-0.32471 1.60879,-0.18381 2.40753,0.31312 1.16136,0.72253 1.21459,1.28714 0.26574,2.81879 -1.44988,2.34041 -0.62021,6.20067 1.1839,5.50837 0.71517,-0.27444 1.64465,0.0582 2.0655,0.73914 0.52771,0.85384 0.26879,1.04762 -0.83424,0.62435 -0.87969,-0.33757 -1.81798,-0.0765 -2.08509,0.58006 -0.34604,0.85059 -0.50836,0.81748 -0.56461,-0.1152 -0.0434,-0.71996 -0.5238,-1.03408 -1.0675,-0.69806 -0.56686,0.35034 -0.7345,-0.0511 -0.39301,-0.94098 0.33826,-0.88148 0.0669,-1.55194 -0.62803,-1.55194 -0.76591,0 -1.04481,0.93508 -0.74566,2.5 0.26285,1.375 0.0903,2.5 -0.38342,2.5

C 155.3876,197 155,196.475 155,195.83333
c 0,-2.94918 -1.29723,0.5395 -1.44613,3.88911 -0.0923,2.07766 -0.5279,4.56506 -0.96788,5.52756 -1.24621,2.72619 1.41604,2.09443 5.35141,-1.26991 1.89056,-1.61625 3.66341,-2.71261 3.93966,-2.43636 0.27625,0.27625 -0.51148,1.21233 -1.75051,2.08018 -1.23903,0.86786 -2.66325,2.65751 -3.16492,3.977 -0.50167,1.3195 -1.39982,2.39909 -1.9959,2.39909 -0.59607,0 -0.82248,-0.42277 -0.50313,-0.93948 0.31934,-0.51671 -0.3291,-0.87095 -1.44099,-0.78719 -2.12095,0.15976 -2.73945,1.32072 -1.01061,1.897 0.84922,0.28308 -5.66499,5.7642 -13.511,11.36828 -1.97874,1.41334 -1.97608,1.43525 0.25,2.06159 3.06951,0.86364 2.86041,2.23914 -0.25,1.64455 -1.375,-0.26285 -2.5,-0.94519 -2.5,-1.51631 0,-0.57113 -0.88324,-0.23909 -1.96275,0.73785 -1.29391,1.17097 -2.5718,1.51182 -3.75,1.00023 -1.67391,-0.72682 -1.66469,-0.80481 0.1454,-1.22978 1.06295,-0.24955 3.62048,-2.21044 5.68339,-4.35752 2.06291,-2.14707 4.02214,-3.46466 4.35383,-2.92797 0.35034,0.56686 1.32484,0.25769 2.32533,-0.73772 0.94723,-0.94244 3.06832,-2.70371 4.71352,-3.91394 2.53342,-1.86361 2.64689,-2.11362 0.74128,-1.63337 -1.45905,0.36771 -2.25,0.11592 -2.25,-0.71626 0,-0.70581 0.28417,-0.99913 0.63148,-0.65181 1.17956,1.17956 4.12165,-1.22638 4.60748,-3.76784 0.59912,-3.13413 0.0192,-3.25922 -1.29939,-0.28031 -0.95504,2.15749 -0.97221,2.14721 -0.41759,-0.25 0.31811,-1.375 0.70763,-3.15061 0.86558,-3.94579 0.15795,-0.79519 0.7626,-1.60426 1.34366,-1.79795 1.86485,-0.62162 0.11184,-4.25755 -2.35071,-4.87561

C 148.07123,194.05205 147,193.30697 147,192.72493
c 0,-0.58205 0.28417,-0.7741 0.63148,-0.42678

C 148.60912,193.27579 152,191.10384 152,189.5
c 0,-0.7863 0.93854,-1.93192 2.08565,-2.54584 1.1471,-0.61391 1.82486,-1.37698 1.50613,-1.69572 -0.31874,-0.31873 -1.36978,0.11011 -2.33565,0.95298 -0.96587,0.84287 -3.28029,1.56177 -5.14314,1.59755 -4.17121,0.0801 -6.08462,1.66045 -4.16629,3.44103 1.08943,1.01119 1.19364,0.98167 0.5455,-0.15451 -0.54386,-0.95337 -0.42187,-1.17005 0.37981,-0.67459 0.64957,0.40145 1.09812,1.25848 0.99679,1.90451 -0.26814,1.70947 1.189,4.67459 2.29721,4.67459 0.52361,0 0.63094,-0.51953 0.2385,-1.15451 -0.44208,-0.7153 -0.27432,-0.88306 0.44098,-0.44098 1.64253,1.01514 1.43621,2.4219 -0.76577,5.22127 -1.96998,2.50442 -3.68029,1.9367 -2.02905,-0.67353 1.27223,-2.01109 1.24637,-2.10403 -1.46165,-5.25277 -1.4655,-1.704 -2.6667,-2.38281 -3.06788,-1.73369 -0.36263,0.58676 -1.06462,0.81635 -1.55997,0.51021 -0.49536,-0.30614 -1.53127,0.92401 -2.30203,2.73369

C 136.15863,199.73274 131,205.12802 131,203.17431 131,202.52844 130.325,202 129.5,202
c -1.44674,0 -1.91637,1.11843 -1.57465,3.75 0.0893,0.6875 -0.7574,1.25 -1.88151,1.25 -1.12411,0 -2.04384,0.45 -2.04384,1 0,0.55 0.60526,1 1.34501,1 1.82954,0 4.84156,-3.46169 3.90717,-4.49048 -0.4137,-0.4555 -0.0211,-0.56725 0.87248,-0.24833 1.99891,0.71342 8.87534,-6.00842 8.87534,-8.6758 0,-1.53842 0.24674,-1.6255 1.54733,-0.54611 1.2359,1.02571 1.28622,1.44982 0.25,2.10714 -0.71353,0.45262 -0.98602,0.82985 -0.60554,0.83827 0.38049,0.008 -1.21332,1.92781 -3.5418,4.26531 -3.30877,3.3216 -3.40528,3.49571 -0.44179,0.79705 2.41654,-2.20059 3.79735,-2.92597 3.80711,-2 0.0131,1.23909 0.15799,1.23217 0.98469,-0.0471 0.53316,-0.825 0.99058,-1.05 1.01649,-0.5 0.0259,0.55 0.75435,0.1 1.61874,-1 1.5267,-1.94282 1.55116,-1.92853 0.8558,0.5 -0.3937,1.375 -1.18126,2.95 -1.75013,3.5 -0.70423,0.68087 -0.77862,0.55178 -0.2331,-0.40451 0.57258,-1.0037 0.42853,-1.17417 -0.50478,-0.59736 -1.02074,0.63085 -0.90661,1.0992 0.52249,2.14418 1.00567,0.73536 1.49937,1.66614 1.09712,2.0684 -0.40226,0.40225 -1.13244,0.0824 -1.62263,-0.71071 -1.27371,-2.06091 -2.02301,-0.87977 -2.9513,4.65225 -0.64485,3.84295 -0.86171,4.22593 -1.04624,1.84775 -0.12802,-1.65 -0.15266,-3.7875 -0.0548,-4.75 0.27069,-2.66106 -2.85983,-2.11131 -3.92458,0.6892 -1.04928,2.7598 -4.66352,5.10201 -7.26028,4.70501 -2.28083,-0.34869 -8.9276,4.74892 -8.10639,6.21705 0.4726,0.8449 0.31716,0.8439 -0.60239,-0.004 -1.45612,-1.3425 0.19798,-5.33688 2.23112,-5.38777 0.66815,-0.0167 0.37373,-0.51907 -0.65426,-1.11633 -1.41678,-0.82314 -2.07856,-0.75528 -2.73469,0.28041 -0.47608,0.75148 -0.8725,0.89383 -0.88092,0.31633 -0.008,-0.5775 0.54719,-1.67474 1.23469,-2.43832 0.84707,-0.9408 0.44414,-0.87475 -1.25,0.2049 -1.56528,0.99753 -2.41121,2.37499 -2.26253,3.68414 0.13061,1.15001 -0.0944,2.03952 -0.5,1.97668 -0.40561,-0.0628 -1.86247,-0.0161 -3.23747,0.10386
l -2.5,0.2181

L 110,218
c 2.24695,0.7196 2.28465,0.81073 0.37244,0.90032 -2.15724,0.10107 -5.59526,3.09968 -3.5539,3.09968 0.58488,0 1.36408,-0.48646 1.73154,-1.08103 0.37153,-0.60115 1.76665,-0.80531 3.1428,-0.45992 1.42004,0.35641 2.23059,0.22614 1.90192,-0.30566 -0.31503,-0.50973 0.20977,-1.54026 1.16621,-2.29008 1.51108,-1.18463 1.58631,-1.16672 0.57403,0.13669 -0.64073,0.825 -1.31573,1.95 -1.5,2.5 -0.18427,0.55 -1.30755,1 -2.49618,1 -1.18862,0 -2.50112,0.3375 -2.91666,0.75 -0.41555,0.4125 -1.69303,0.78163 -2.83887,0.82029 -2.04915,0.0691 -2.05052,0.0844 -0.0833,0.92971 1.71022,0.7349 1.74644,0.86961 0.25,0.92971

C 104.7875,224.96837 104,225.45 104,226
c 0,0.55 -0.45,1 -1,1 -0.55,0 -1.00689,-0.7875 -1.01531,-1.75 -0.0131,-1.49555 -0.15626,-1.5319 -0.98469,-0.25 -0.70439,1.08997 -0.97356,1.14217 -0.98469,0.19098 -0.008,-0.71996 -0.445657,-1.04305 -0.971636,-0.71797 -0.525979,0.32507 -0.674507,1.32545 -0.330061,2.22306 0.418628,1.09093 0.238375,1.39229 -0.543674,0.90896

C 97.526472,227.20734 97,226.23352 97,225.44098 97,224.5706 96.010049,224 94.5,224
c -1.870597,0 -2.5,0.52709 -2.5,2.09362 0,1.2276 0.798666,2.30248 1.930803,2.59854 2.28823,0.59838 1.710465,2.90688 -0.898266,3.58908 -1.508893,0.39458 -1.70384,1.06834 -1.113546,3.84854 0.405879,1.91164 0.270046,4.10791 -0.313857,5.07474 -1.327476,2.19804 -1.030497,2.40493 4.631727,3.22665
l 4.736859,0.68744 -0.5876,-2.93803
c -0.642841,-3.21418 0.92219,-4.99952 2.9253,-3.33708 0.8587,0.71265 1.96442,0.45191 3.7062,-0.87397
l 2.48238,-1.88965 -2.5,0.52887
c -2.11956,0.44838 -2.23692,0.36045 -0.77118,-0.57779 0.95086,-0.60865 1.85086,-1.01357 2,-0.89982 0.78106,0.5957 4.73914,-2.37397 4.24017,-3.18131