
M 112.14613,231.42742
C 112.14613,231.42742 112.35852,231 112.94098,231
c 1.56227,0 1.28834,2.97477 -0.33116,3.59623 -0.76459,0.2934 -1.32709,1.5861 -1.25,2.87266 0.0771,1.28655 0.44659,2.15003 0.82108,1.91884 0.3745,-0.2312 0.96809,0.0443 1.3191,0.61227 0.35101,0.56794 1.12663,0.73075 1.72361,0.3618 0.66942,-0.41372 0.7958,-0.20222 0.32975,0.55187 -0.41561,0.67247 -1.36223,0.98992 -2.10358,0.70543 -0.84353,-0.32369 -1.15032,-0.002 -0.81986,0.85886 0.38833,1.01199 -0.0882,1.22405 -1.80093,0.80143 -1.28094,-0.31608 -1.99127,-0.20803 -1.5785,0.24011 1.15677,1.25591 5.16167,1.30875 5.9842,0.079 0.46152,-0.69005 0.74038,-0.48758 0.75,0.54455 0.0188,2.02069 2.05756,2.88916 5.16886,2.20185 1.94454,-0.42957 2.08952,-0.31605 0.84645,0.66273 -1.30961,1.03117 -1.29335,1.11556 0.12814,0.66489 0.89548,-0.28391 2.13298,-0.0114 2.75,0.60566 0.82915,0.82915 1.12186,0.79012 1.12186,-0.14957 0,-0.69928 -0.63494,-1.90637 -1.41098,-2.68241 -0.77604,-0.77604 -1.17499,-2.31343 -0.88655,-3.41642 0.32866,-1.25677 -0.0543,-2.22753 -1.02587,-2.60035 -0.86182,-0.33071 -1.29955,-1.2484 -0.98565,-2.0664 0.45864,-1.19521 1.04032,-1.03885 3.09811,0.83276 1.39339,1.26734 2.16635,1.67222 1.71768,0.89974 -0.54088,-0.93125 -0.43663,-1.1702 0.30938,-0.70913 1.3298,0.82185 6.77038,-1.78839 7.53549,-3.61532 0.39111,-0.93389 0.81997,-0.81786 1.6168,0.43743 0.6559,1.03328 1.73166,1.46012 2.72208,1.08006 1.0958,-0.4205 1.39837,-0.24133 0.91454,0.54153 -0.39769,0.64343 -1.59651,1.1699 -2.66405,1.1699 -1.06754,0 -1.94098,0.43588 -1.94098,0.96862 0,0.53273 -0.7875,0.71528 -1.75,0.40566 -1.41116,-0.45395 -1.47202,-0.36582 -0.3143,0.45517 1.18955,0.84357 1.21142,1.28836 0.12755,2.59433 -1.08018,1.30154 -1.06897,1.8644 0.0643,3.22991 0.75484,0.90954 1.22619,1.91079 1.04744,2.225 -0.17875,0.31422 0.0513,0.69675 0.51126,0.85006 0.45994,0.15332 1.28119,-0.73543 1.825,-1.975 0.68914,-1.57085 1.82201,-2.24181 3.73874,-2.21433 1.63272,0.0234 2.75,-0.49754 2.75,-1.28222 0,-0.72691 1.0125,-1.72862 2.25,-2.22604 1.82166,-0.73222 1.90433,-0.91645 0.43426,-0.96777 -0.99866,-0.0349 -2.59791,0.35521 -3.55388,0.86683 -0.95598,0.51163 -2.33631,0.56054 -3.0674,0.1087 -0.92794,-0.57349 -0.36292,-1.03377 1.87145,-1.52452 1.76039,-0.38664 3.44345,-1.33556 3.74013,-2.1087 0.29668,-0.77313 1.06374,-1.4057 1.70458,-1.4057 0.64085,0 2.82474,-1.36796 4.85311,-3.03991
l 3.68793,-3.03991 -2.07372,-2.07372 -2.07373,-2.07373 -2.63637,2.71635 -2.63636,2.71635 2.5,-0.65047
c 2.09877,-0.54606 2.21787,-0.47362 0.74208,0.45141 -0.96686,0.60603 -2.20753,0.824 -2.75706,0.48437 -0.54953,-0.33963 -1.24672,0.0277 -1.54931,0.81619 -0.35999,0.93814 -1.91859,1.39782 -4.50912,1.32989 -3.9572,-0.10376 -3.95795,-0.10456 -1.69277,-1.81319 1.2464,-0.94016 2.30389,-2.07259 2.34997,-2.51651 0.22116,-2.13021 2.48416,-6.30712 3.41714,-6.30712 0.60836,0 0.35078,1.36776 -0.61205,3.25
l -1.66249,3.25 2.13681,-1.90499
c 2.81826,-2.51251 2.74355,-0.91658 -0.10957,2.34054 -1.85563,2.11839 -1.63987,2.04263 1.24041,-0.43555 1.91773,-1.65 3.64109,-3.3375 3.8297,-3.75 0.6396,-1.39884 3.16757,-0.75869 5.25762,1.33136 1.9082,1.9082 2.22673,1.9498 3.82874,0.5 0.96106,-0.86975 2.2816,-1.58136 2.93453,-1.58136 1.38939,0 1.23839,-6.16419 -0.17486,-7.1382 -1.08234,-0.74594 -0.0116,-2.8618 1.44826,-2.8618 0.55,0 0.66207,0.5625 0.24903,1.25 -0.43129,0.71789 0.0345,0.61163 1.09421,-0.24961 1.01485,-0.82479 2.43362,-2.84979 3.15282,-4.5 1.0658,-2.4455 1.31487,-2.61009 1.34677,-0.88994 0.0215,1.16075 -1.05326,3.7202 -2.38842,5.68767 -1.33516,1.96747 -2.57266,4.82755 -2.75,6.35575 -0.33281,2.86788 -6.4751,8.35765 -13.82244,12.35402 -4.35294,2.36765 -3.31222,2.58551 1.46607,0.3069 1.94366,-0.92687 3.53393,-2.10001 3.53393,-2.60699 0,-0.50698 0.6696,-0.66483 1.488,-0.35078 0.81841,0.31405 1.38091,0.0768 1.25,-0.52731 -0.142,-0.65528 1.72461,-1.19654 4.62747,-1.34183 2.67601,-0.13394 5.15101,-0.68718 5.5,-1.22943 0.34899,-0.54225 2.88453,-1.67469 5.63453,-2.51653 2.75,-0.84183 9.725,-3.21517 15.5,-5.27407 15.43945,-5.50448 48.52502,-16.91946 64.0283,-22.09065 12.75949,-4.25599 13.64036,-4.71963 15.5,-8.15825 2.7219,-5.03298 8.7035,-8.89437 16.87435,-10.89314 14.19545,-3.47251 31.76463,2.08722 34.96824,11.06563 0.5977,1.67512 0.48199,1.7323 -1.01172,0.5 -1.53305,-1.26475 -1.58017,-1.19166 -0.51751,0.80287 0.643,1.20687 1.51128,2.40579 1.92951,2.66426 1.09722,0.67813 11.67146,-2.2029 12.03296,-3.27847 0.37141,-1.10506 4.92058,-6.0801 5.55964,-6.0801 0.98987,0 -0.056,3.00247 -1.66537,4.78077 -0.93412,1.03219 -1.6984,2.62878 -1.6984,3.54797 0,1.20984 -0.8743,1.67126 -3.16667,1.67126 -4.08665,0 -3.39162,0.55468 1.66667,1.33012 2.2,0.33726 3.50108,0.28845 2.8913,-0.10846 -0.72786,-0.47377 -0.12711,-1.75218 1.74887,-3.72166 1.57167,-1.65 2.85809,-2.69464 2.85871,-2.32143 6.1e-4,0.37322 -0.70602,1.38572 -1.57031,2.25 -0.89525,0.89525 -1.08844,1.57143 -0.44897,1.57143 1.00149,0 4.56423,-6.69281 4.2776,-8.03571 -0.0629,-0.29465 0.64101,-0.58778 1.56423,-0.65141 0.92321,-0.0636 3.47857,-0.77607 5.67857,-1.5832 5.09809,-1.87037 13.62595,-3.1749 11.5,-1.75919 -0.825,0.54939 -2.625,1.01267 -4,1.02951 -1.87346,0.023 -2.14368,0.25615 -1.0782,0.93051 1.04563,0.66179 0.25983,1.21277 -2.97005,2.08248
l -4.39185,1.1826 3.47005,1.51842
c 1.90853,0.83513 4.01276,1.54112 4.67606,1.56887 0.66331,0.0277 0.91268,0.52508 0.55416,1.10517 -0.35852,0.58009 -0.5898,2.41759 -0.51397,4.08333
l 0.13789,3.02862 -1.43328,-3.5 -1.43329,-3.5 0.47875,3.5 0.47874,3.5 -1.39079,-3
c -0.76494,-1.65 -1.21438,-3.28634 -0.99875,-3.63631 0.21562,-0.34997 -0.48752,-0.86632 -1.56253,-1.14744 -2.01674,-0.52739 -2.36776,1.16307 -0.52294,2.51844 0.5647,0.41488 0.23823,0.74135 -0.75,0.75 -0.9625,0.008 -1.75,0.64818 -1.75,1.42169 0,0.91405 0.70014,1.22329 2,0.88337 2.05168,-0.53653 2.79305,1.10208 1,2.21025 -0.55,0.33992 -0.96447,1.15398 -0.92105,1.80902 0.0569,0.85875 0.21965,0.84229 0.58333,-0.059 0.86797,-2.15105 2.33772,-1.36517 2.33772,1.25 0,1.53181 -0.56876,2.5 -1.46862,2.5 -0.85276,0 -1.24177,0.59113 -0.92767,1.40966 0.33652,0.87696 -0.33664,1.67899 -1.78139,2.12239 -3.98309,1.22242 -4.97039,2.46274 -3.29444,4.13869 1.61216,1.61216 2.05795,5.80936 0.51579,4.85625 -0.52598,-0.32507 -0.72486,-1.19422 -0.44196,-1.93144 0.36339,-0.94698 -0.16307,-1.21238 -1.79368,-0.90426 -1.81057,0.34214 -2.69539,-0.28783 -4.10522,-2.9228 -0.98846,-1.84742 -1.62471,-4.01359 -1.4139,-4.81372 0.21082,-0.80012 0.19372,-1.11476 -0.038,-0.69919 -0.23171,0.41556 -1.26799,-0.25944 -2.30283,-1.5 -1.03485,-1.24057 -1.89651,-1.89299 -1.91481,-1.44982 -0.0183,0.44317 -1.04577,-0.36347 -2.28327,-1.79253 -2.14156,-2.47307 -2.43197,-2.53489 -6.02584,-1.28274
l -3.77584,1.31556 -0.38166,8.97697
c -0.20992,4.93734 -0.71473,10.10198 -1.12181,11.47698 -0.40708,1.375 -0.43088,2.21967 -0.0529,1.87704 0.378,-0.34263 1.33964,-3.71763 2.13697,-7.5
l 1.44971,-6.87704 -0.39927,5.5
c -1.24624,17.16715 -9.2071,23.86663 -27.03834,22.75418 -8.58253,-0.53545 -15.82635,-2.98001 -19.19022,-6.47609 -4.85619,-5.04707 -7.91037,-9.04438 -9.87406,-12.92314 -2.0925,-4.13322 -2.21271,-4.20459 -4.81144,-2.85634 -2.23788,1.16102 -2.66533,1.16447 -2.66533,0.0215 0,-0.74868 -1.35,-1.65775 -3,-2.02015 -1.65,-0.3624 -3,-1.01127 -3,-1.44194 0,-0.76207 0.98983,-0.68979 7.75842,0.56659 3.22099,0.59787 3.25546,0.56332 3,-3.00791 -0.21513,-3.00756 -0.63696,-3.61307 -2.51821,-3.61474 -1.24288,-0.001 -3.03039,0.898 -3.97224,1.998 -0.94185,1.1 -2.51244,2 -3.49021,2 -0.97777,0 -1.78465,0.5625 -1.79307,1.25 -0.0103,0.83796 -0.32495,0.76028 -0.95465,-0.23563 -0.64992,-1.02791 -0.49115,-1.73644 0.51532,-2.29969 2.7314,-1.52857 1.46308,-2.7704 -1.34593,-1.31781 -2.95376,1.52745 -10.08844,3.89628 -32.19943,10.69074 -20.325,6.24565 -48.99706,15.85951 -52.12887,17.47903 -1.5245,0.78835 -3.69416,1.43336 -4.82147,1.43336 -1.12731,0 -1.99637,0.3375 -1.93124,0.75 0.0651,0.4125 0.0515,1.875 -0.0304,3.25 -0.13109,2.20213 -0.2708,2.29054 -1.17254,0.74208 -0.56304,-0.96686 -0.75099,-2.1992 -0.41765,-2.73855 0.34486,-0.558 -0.0628,-0.72396 -0.94588,-0.38509